
542,SatJun162018,65,09,58,57,45,09,
541,WedJun132018,13,38,45,20,55,01,
540,SatJun092018,36,10,25,06,15,14,
539,WedJun062018,53,28,41,23,56,14,
538,SatJun022018,23,37,64,44,25,07,
537,WedMay302018,46,23,26,17,68,20,
536,SatMay262018,45,31,21,01,49,21,
535,WedMay232018,20,54,61,56,64,07,
534,SatMay192018,56,09,17,03,06,25,
533,WedMay162018,17,22,21,19,51,19,
532,SatMay122018,42,56,22,55,45,14,
531,WedMay092018,50,69,16,38,11,19,
530,SatMay052018,29,36,14,61,57,17,
529,WedMay022018,40,05,31,50,14,06,
528,SatApr282018,28,50,22,45,20,08,
527,WedApr252018,18,17,39,64,56,12,
526,SatApr212018,50,69,54,62,40,19,
525,WedApr182018,12,17,10,09,23,09,
524,SatApr142018,61,17,19,26,62,15,
523,WedApr112018,67,18,16,55,27,18,
522,SatApr072018,38,02,20,17,39,20,
521,WedApr042018,42,64,54,08,24,24,
520,SatMar312018,24,55,52,61,08,21,
519,WedMar282018,53,08,52,06,26,21,
518,SatMar242018,33,56,53,10,45,24,
517,WedMar212018,29,04,61,03,18,25,
516,SatMar172018,60,66,22,59,57,07,
515,WedMar142018,12,24,06,41,68,09,
514,SatMar102018,69,43,54,44,61,22,
513,WedMar072018,36,06,19,13,51,18,
512,SatMar032018,40,17,36,25,13,05,
511,WedFeb282018,69,12,65,59,30,16,
510,SatFeb242018,38,25,62,63,24,06,
509,WedFeb212018,07,36,31,15,34,08,
508,SatFeb172018,26,62,39,13,44,02,
507,WedFeb142018,44,46,37,39,69,26,
506,SatFeb102018,27,13,41,59,01,20,
505,WedFeb072018,40,35,34,47,23,10,
504,SatFeb032018,15,48,23,27,53,06,
503,WedJan312018,07,04,14,59,46,22,
502,SatJan272018,54,26,17,21,47,07,
501,WedJan242018,11,09,05,33,64,21,
500,SatJan202018,28,26,58,47,49,03,
499,WedJan172018,33,51,03,37,57,21,
498,SatJan132018,69,25,35,14,58,24,
497,WedJan102018,07,24,50,49,33,04,
496,SatJan062018,12,61,30,29,33,26,
495,WedJan032018,42,39,18,02,37,12,
494,SatDec302017,58,28,51,41,36,24,
493,WedDec272017,16,60,03,56,09,03,
492,SatDec232017,44,15,01,13,03,25,
491,WedDec202017,20,61,64,01,69,20,
490,SatDec162017,35,63,37,09,50,11,
489,WedDec132017,02,28,51,58,24,07,
488,SatDec092017,36,60,55,37,25,06,
487,WedDec062017,50,19,55,62,20,09,
486,SatDec022017,32,30,36,28,58,06,
485,WedNov292017,59,28,26,24,63,16,
484,SatNov252017,53,08,54,27,13,04,
483,WedNov222017,61,51,37,46,35,13,
482,SatNov182017,17,31,28,32,39,26,
481,WedNov152017,48,32,44,50,23,25,
480,SatNov112017,56,06,04,30,16,18,
479,WedNov082017,12,21,14,34,20,22,
478,SatNov042017,51,48,12,26,14,13,
477,WedNov012017,26,03,19,06,44,01,
476,SatOct282017,35,27,57,66,38,10,
475,WedOct252017,57,54,29,22,18,08,
474,SatOct212017,14,45,69,41,42,04,
473,WedOct182017,69,54,49,30,66,08,
472,SatOct142017,56,37,69,32,66,11,
471,WedOct112017,01,69,19,03,13,23,
470,SatOct072017,61,10,49,65,63,07,
469,WedOct042017,23,63,62,66,22,24,
468,SatSep302017,08,25,12,41,64,15,
467,WedSep272017,21,25,10,23,08,22,
466,SatSep232017,45,24,56,55,57,19,
465,WedSep202017,68,48,67,39,53,26,
464,SatSep162017,31,24,25,17,18,24,
463,WedSep132017,24,63,35,57,17,19,
462,SatSep092017,59,20,06,57,29,22,
461,WedSep062017,32,14,08,58,67,17,
460,SatSep022017,62,41,21,52,06,26,
459,WedAug302017,43,19,69,28,67,07,
458,SatAug262017,66,15,07,38,32,15,
457,WedAug232017,07,26,16,23,06,04,
456,SatAug192017,17,68,19,43,39,13,
455,WedAug162017,64,43,60,09,15,04,
454,SatAug122017,35,20,49,26,24,19,
453,WedAug092017,12,30,47,62,36,09,
452,SatAug052017,33,21,45,11,28,11,
451,WedAug022017,16,01,54,63,69,18,
450,SatJul292017,01,40,28,48,45,12,
449,WedJul262017,19,42,21,07,69,12,
448,SatJul222017,44,32,60,05,53,09,
447,WedJul192017,63,51,59,61,50,04,
446,SatJul152017,40,66,09,64,63,17,
445,WedJul122017,18,23,02,61,01,09,
444,SatJul082017,29,08,40,59,10,26,
443,WedJul052017,54,09,68,04,16,21,
442,SatJul012017,45,19,42,53,48,16,
441,WedJun282017,46,37,29,53,68,08,
440,SatJun242017,36,32,22,58,10,10,
439,WedJun212017,65,14,46,68,61,13,
438,SatJun172017,13,62,10,53,32,21,
437,WedJun142017,63,22,05,43,57,24,
436,SatJun102017,32,26,20,38,58,03,
435,WedJun072017,66,57,05,69,21,13,
434,SatJun032017,54,41,09,03,21,25,
433,WedMay312017,60,39,33,04,46,06,
432,SatMay272017,55,10,05,67,28,09,
431,WedMay242017,38,28,33,32,62,15,
430,SatMay202017,45,05,47,54,22,03,
429,WedMay172017,39,04,48,45,11,09,
428,SatMay132017,68,17,20,63,32,19,
427,WedMay102017,62,31,56,46,29,08,
426,SatMay062017,31,21,11,41,59,21,
425,WedMay032017,18,49,66,17,59,09,
424,SatApr292017,24,22,23,62,45,05,
423,WedApr262017,18,01,51,15,26,26,
422,SatApr222017,39,21,48,41,63,06,
421,WedApr192017,01,19,52,40,37,15,
420,SatApr152017,61,26,45,05,22,13,
419,WedApr122017,68,63,14,08,61,24,
418,SatApr082017,51,53,36,23,60,15,
417,WedApr052017,53,20,54,46,08,13,
416,SatApr012017,65,09,44,36,32,01,
415,WedMar292017,08,62,31,36,15,11,
414,SatMar252017,32,18,31,48,45,16,
413,WedMar222017,02,29,09,27,42,09,
412,SatMar182017,25,67,54,44,13,05,
411,WedMar152017,30,16,41,48,53,16,
410,SatMar112017,57,41,50,26,01,11,
409,WedMar082017,42,23,59,46,33,04,
408,SatMar042017,02,22,63,19,18,19,
407,WedMar012017,16,10,52,40,55,17,
406,SatFeb252017,06,62,32,47,65,19,
405,WedFeb222017,52,10,61,28,13,02,
404,SatFeb182017,09,03,33,07,31,20,
403,WedFeb152017,33,05,42,38,28,19,
402,SatFeb112017,37,64,17,09,05,02,
401,WedFeb082017,49,20,42,14,66,05,
400,SatFeb042017,52,17,16,13,06,25,
399,WedFeb012017,09,60,64,43,57,10,
398,SatJan282017,39,12,49,69,20,17,
397,WedJan252017,18,62,66,68,28,22,
396,SatJan212017,45,25,23,67,52,02,
395,WedJan182017,41,09,58,40,53,12,
394,SatJan142017,55,69,23,64,59,13,
393,WedJan112017,01,16,13,43,03,24,
392,SatJan072017,37,63,12,24,03,10,
391,WedJan042017,17,16,42,41,29,04,
390,SatDec312016,01,28,03,67,57,09,
389,WedDec282016,30,23,44,58,16,04,
388,SatDec242016,38,52,42,51,28,21,
387,WedDec212016,25,68,40,54,33,03,
386,SatDec172016,16,40,08,48,01,10,
385,WedDec142016,39,18,66,37,26,15,
384,SatDec102016,32,21,12,44,66,15,
383,WedDec072016,49,64,48,41,53,20,
382,SatDec032016,27,26,33,08,10,22,
381,WedNov302016,03,45,25,14,18,07,
380,SatNov262016,21,17,37,44,19,16,
379,WedNov232016,07,61,41,47,32,03,
378,SatNov192016,24,61,43,16,28,21,
377,WedNov162016,28,61,63,41,65,07,
376,SatNov122016,20,08,27,52,17,24,
375,WedNov092016,28,31,54,25,01,02,
374,SatNov052016,31,50,69,21,51,08,
373,WedNov022016,18,54,61,13,37,05,
372,SatOct292016,42,48,20,21,19,23,
371,WedOct262016,48,56,02,16,03,24,
370,SatOct222016,01,55,33,28,56,22,
369,WedOct192016,43,63,16,38,10,23,
368,SatOct152016,64,49,57,23,67,20,
367,WedOct122016,34,44,30,16,37,16,
366,SatOct082016,03,64,68,61,54,09,
365,WedOct052016,60,29,18,27,08,15,
364,SatOct012016,12,64,50,61,02,01,
363,WedSep282016,30,53,62,38,52,01,
362,SatSep242016,15,07,29,41,20,22,
361,WedSep212016,63,67,01,69,28,17,
360,SatSep172016,51,19,09,62,55,14,
359,WedSep142016,10,31,23,28,11,14,
358,SatSep102016,03,17,49,68,55,08,
357,WedSep072016,23,55,33,22,29,21,
356,SatSep032016,39,59,07,67,50,25,
355,WedAug312016,10,56,24,61,05,12,
354,SatAug272016,48,32,63,04,49,20,
353,WedAug242016,25,11,09,65,64,16,
352,SatAug202016,68,03,21,06,60,24,
351,WedAug172016,44,49,33,50,52,08,
350,SatAug132016,44,38,64,69,60,06,
349,WedAug102016,64,56,61,23,67,12,
348,SatAug062016,52,33,47,36,20,12,
347,WedAug032016,66,27,11,09,67,02,
346,SatJul302016,32,21,17,23,11,05,
345,WedJul272016,10,47,68,65,50,24,
344,SatJul232016,39,05,35,07,23,11,
343,WedJul202016,06,58,66,25,35,05,
342,SatJul162016,11,50,40,17,62,26,
341,WedJul132016,57,15,29,03,54,10,
340,SatJul092016,32,28,10,64,61,12,
339,WedJul062016,66,57,02,31,24,18,
338,SatJul022016,63,39,59,34,10,04,
337,WedJun292016,29,37,23,64,60,06,
336,SatJun252016,36,03,56,69,27,25,
335,WedJun222016,14,42,43,52,40,17,
334,SatJun182016,53,02,23,63,41,11,
333,WedJun152016,33,04,24,31,22,10,
332,SatJun112016,36,58,27,41,20,07,
331,WedJun082016,37,69,12,25,60,20,
330,SatJun042016,20,16,43,64,22,17,
329,WedJun012016,40,69,33,23,30,12,
328,SatMay282016,06,34,33,59,58,12,
327,WedMay252016,64,24,59,41,11,15,
326,SatMay212016,09,32,05,07,23,26,
325,WedMay182016,25,67,39,23,54,11,
324,SatMay142016,64,27,65,13,47,09,
323,WedMay112016,69,32,52,66,20,23,
322,SatMay072016,25,66,44,05,26,09,
321,WedMay042016,47,69,30,66,57,03,
320,SatApr302016,32,16,03,34,12,14,
319,WedApr272016,25,39,64,02,33,17,
318,SatApr232016,46,62,59,35,19,13,
317,WedApr202016,62,30,12,25,52,08,
316,SatApr162016,32,03,25,51,18,03,
315,WedApr132016,30,35,38,33,64,22,
314,SatApr092016,14,23,41,61,22,09,
313,WedApr062016,65,28,49,60,04,25,
312,SatApr022016,09,61,28,40,30,03,
311,WedMar302016,55,24,63,53,44,19,
310,SatMar262016,23,42,68,52,11,06,
309,WedMar232016,22,15,49,05,08,25,
308,SatMar192016,11,60,23,54,43,03,
307,WedMar162016,46,50,12,13,10,21,
306,SatMar122016,28,11,50,57,62,23,
305,WedMar092016,32,34,14,23,68,03,
304,SatMar052016,03,34,27,59,69,19,
303,WedMar022016,62,52,13,12,44,06,
302,SatFeb272016,22,11,53,21,10,18,
301,WedFeb242016,67,21,65,31,64,05,
300,SatFeb202016,54,12,11,16,15,25,
299,WedFeb172016,29,27,07,40,17,25,
298,SatFeb132016,07,15,36,18,19,20,
297,WedFeb102016,02,62,40,50,03,05,
296,SatFeb062016,13,04,36,31,52,08,
295,WedFeb032016,26,60,67,31,28,23,
294,SatJan302016,16,05,12,31,43,18,
293,WedJan272016,40,52,03,67,12,21,
292,SatJan232016,32,22,40,69,34,19,
291,WedJan202016,44,05,39,69,47,24,
290,SatJan162016,61,52,51,64,03,06,
289,WedJan132016,08,27,34,04,19,10,
288,SatJan092016,32,16,19,57,34,13,
287,WedJan062016,47,02,63,62,11,17,
286,SatJan022016,42,15,06,05,29,10,
285,WedDec302015,12,61,54,38,36,22,
284,SatDec262015,65,40,44,59,27,20,
283,WedDec232015,67,16,63,38,55,25,
282,SatDec192015,30,68,59,41,28,10,
281,WedDec162015,09,42,10,55,32,06,
280,SatDec122015,62,02,30,19,14,22,
279,WedDec092015,16,46,10,56,07,01,
278,SatDec052015,47,33,68,27,13,13,
277,WedDec022015,14,18,19,64,32,09,
276,SatNov282015,47,02,66,67,06,02,
275,WedNov252015,53,16,69,58,29,21,
274,SatNov212015,37,57,47,50,52,21,
273,WedNov182015,40,17,46,69,41,06,
272,SatNov142015,66,37,22,14,45,05,
271,WedNov112015,26,04,32,55,64,18,
270,SatNov072015,50,53,07,16,25,15,
269,WedNov042015,12,02,17,20,65,17,
268,SatOct312015,09,47,20,25,68,07,
267,WedOct282015,56,62,54,63,04,10,
266,SatOct242015,20,31,56,64,60,02,
265,WedOct212015,57,32,30,42,56,11,
264,SatOct172015,57,62,69,49,48,19,
263,WedOct142015,20,15,31,40,29,01,
262,SatOct102015,27,68,12,43,29,01,
261,WedOct072015,52,40,48,18,30,09,
260,SatOct032015,33,06,46,44,26,04,
259,WedSep302015,40,59,21,39,55,17,
258,SatSep262015,23,57,42,31,50,05,
257,WedSep232015,08,29,51,58,41,05,
256,SatSep192015,12,43,17,26,48,24,
255,WedSep162015,07,05,39,24,31,07,
254,SatSep122015,35,03,16,02,13,27,
253,WedSep092015,50,44,45,51,47,08,
252,SatSep052015,29,10,18,16,45,19,
251,WedSep022015,17,46,22,30,56,16,
250,SatAug292015,25,18,29,21,28,16,
249,WedAug262015,22,56,02,45,32,12,
248,SatAug222015,12,14,21,04,55,07,
247,WedAug192015,06,43,48,50,08,07,
246,SatAug152015,03,17,13,52,42,24,
245,WedAug122015,29,38,08,13,52,28,
244,SatAug082015,34,48,54,52,09,15,
243,WedAug052015,42,14,09,16,11,19,
242,SatAug012015,13,07,49,24,57,15,
241,WedJul292015,04,52,22,27,28,35,
240,SatJul252015,27,44,41,29,34,02,
239,WedJul222015,31,12,57,44,43,11,
238,SatJul182015,39,06,37,45,55,33,
237,WedJul152015,45,34,13,50,16,11,
236,SatJul112015,46,39,52,11,54,03,
235,WedJul082015,30,27,25,15,04,18,
234,SatJul042015,24,18,06,03,14,21,
233,WedJul012015,24,41,31,26,07,25,
232,SatJun272015,35,18,46,49,28,27,
231,WedJun242015,05,10,03,22,32,07,
230,SatJun202015,20,16,10,57,09,15,
229,WedJun172015,22,20,21,54,41,07,
228,SatJun132015,41,29,52,54,48,29,
227,WedJun102015,49,32,31,53,48,25,
226,SatJun062015,18,43,13,08,27,15,
225,WedJun032015,06,40,37,13,08,11,
224,SatMay302015,57,25,08,56,09,22,
223,WedMay272015,08,15,59,34,53,23,
222,SatMay232015,31,09,43,17,15,16,
221,WedMay202015,12,01,44,28,35,25,
220,SatMay162015,48,24,38,52,29,32,
219,WedMay132015,31,29,01,47,25,07,
218,SatMay092015,58,04,17,35,15,17,
217,WedMay062015,24,41,39,23,27,30,
216,SatMay022015,02,31,06,11,30,33,
215,WedApr292015,26,01,38,34,51,06,
214,SatApr252015,45,21,35,33,38,12,
213,WedApr222015,25,10,14,39,53,18,
212,SatApr182015,31,22,13,23,29,17,
211,WedApr152015,01,21,29,16,40,30,
210,SatApr112015,58,01,32,42,12,12,
209,WedApr082015,01,19,45,58,46,29,
208,SatApr042015,41,33,39,54,40,28,
207,WedApr012015,44,39,30,33,02,01,
206,SatMar282015,38,02,12,04,06,17,
205,WedMar252015,54,23,19,07,50,14,
204,SatMar212015,30,38,16,11,42,07,
203,WedMar182015,30,47,33,25,14,08,
202,SatMar142015,46,47,08,14,39,18,
201,WedMar112015,24,44,31,11,40,27,
200,SatMar072015,50,42,36,38,34,33,
199,WedMar042015,08,35,15,12,50,32,
198,SatFeb282015,25,28,11,17,46,12,
197,WedFeb252015,39,17,21,32,19,08,
196,SatFeb212015,18,51,14,34,10,26,
195,WedFeb182015,29,01,49,09,32,22,
194,SatFeb142015,44,45,01,24,51,28,
193,WedFeb112015,25,11,54,13,39,19,
192,SatFeb072015,34,58,05,21,10,33,
191,WedFeb042015,51,52,36,24,56,22,
190,SatJan312015,16,05,50,11,26,34,
189,WedJan282015,49,24,12,36,35,01,
188,SatJan242015,19,16,20,33,29,10,
187,WedJan212015,57,12,28,15,11,23,
186,SatJan172015,15,27,23,36,16,09,
185,WedJan142015,10,04,53,02,41,22,
184,SatJan102015,19,09,29,02,28,19,
183,WedJan072015,47,49,59,15,14,10,
182,SatJan032015,04,43,46,55,18,25,
181,WedDec312014,40,27,17,53,37,35,
180,SatDec272014,36,14,10,11,07,15,
179,WedDec242014,46,11,12,47,50,22,
178,SatDec202014,19,15,56,31,14,05,
177,WedDec172014,47,31,48,38,22,15,
176,SatDec132014,05,13,43,55,28,33,
175,WedDec102014,48,34,55,44,54,10,
174,SatDec062014,43,22,49,15,12,14,
173,WedDec032014,54,30,32,46,25,26,
172,SatNov292014,13,30,24,42,48,27,
171,WedNov262014,46,17,22,16,54,35,
170,SatNov222014,54,53,23,57,49,35,
169,WedNov192014,38,06,36,48,51,17,
168,SatNov152014,35,16,33,51,13,28,
167,WedNov122014,55,37,39,52,51,11,
166,SatNov082014,09,33,19,38,54,15,
165,WedNov052014,19,02,11,21,42,34,
164,SatNov012014,01,38,25,13,03,17,
163,WedOct292014,48,28,59,25,57,16,
162,SatOct252014,54,57,51,06,10,12,
161,WedOct222014,40,42,30,29,50,16,
160,SatOct182014,36,20,54,27,26,19,
159,WedOct152014,05,07,28,27,19,20,
158,SatOct112014,37,39,38,19,10,28,
157,WedOct082014,46,50,16,31,05,18,
156,SatOct042014,13,33,18,24,25,31,
155,WedOct012014,20,01,45,18,04,07,
154,SatSep272014,54,11,52,35,02,13,
153,WedSep242014,07,14,24,41,21,26,
152,SatSep202014,23,22,30,39,37,16,
151,WedSep172014,36,18,25,50,48,23,
150,SatSep132014,37,06,01,53,16,27,
149,WedSep102014,14,39,02,40,43,13,
148,SatSep062014,29,43,31,50,09,18,
147,WedSep032014,43,02,51,45,16,35,
146,SatAug302014,05,52,28,59,31,27,
145,WedAug272014,24,17,45,46,26,19,
144,SatAug232014,52,28,36,32,35,31,
143,WedAug202014,21,40,08,38,04,03,
142,SatAug162014,07,08,17,59,48,09,
141,WedAug132014,37,08,40,52,39,24,
140,SatAug092014,34,12,31,51,03,24,
139,WedAug062014,49,01,08,24,28,24,
138,SatAug022014,12,46,44,47,26,29,
137,WedJul302014,49,13,30,53,42,29,
136,SatJul262014,38,39,28,24,30,16,
135,WedJul232014,22,12,04,31,10,03,
134,SatJul192014,10,53,17,25,45,09,
133,WedJul162014,05,32,26,18,15,35,
132,SatJul122014,23,07,02,03,51,26,
131,WedJul092014,09,55,42,25,57,14,
130,SatJul052014,34,58,24,36,57,11,
129,WedJul022014,58,18,53,08,45,35,
128,SatJun282014,56,08,12,43,34,09,
127,WedJun252014,50,53,10,20,25,35,
126,SatJun212014,41,06,54,05,37,26,
125,WedJun182014,06,52,59,29,09,07,
124,SatJun142014,33,54,42,09,45,30,
123,WedJun112014,14,25,33,18,49,23,
122,SatJun072014,58,30,35,28,59,15,
121,WedJun042014,22,07,01,10,49,24,
120,SatMay312014,34,15,48,27,31,01,
119,WedMay282014,24,02,28,32,59,25,
118,SatMay242014,55,15,49,16,28,18,
117,WedMay212014,20,34,58,04,39,31,
116,SatMay172014,32,23,47,39,49,22,
115,WedMay142014,55,07,52,33,39,33,
114,SatMay102014,41,47,55,31,04,01,
113,WedMay072014,48,31,17,49,29,34,
112,SatMay032014,15,05,46,49,16,26,
111,WedApr302014,09,02,19,50,11,32,
110,SatApr262014,30,03,22,07,33,20,
109,WedApr232014,29,48,36,19,25,12,
108,SatApr192014,35,06,51,05,29,21,
107,WedApr162014,42,34,59,39,44,08,
106,SatApr122014,26,45,14,55,54,20,
105,WedApr092014,49,14,48,09,44,29,
104,SatApr052014,26,11,21,34,33,29,
103,WedApr022014,19,22,13,53,08,24,
102,SatMar292014,03,12,27,38,02,17,
101,WedMar262014,33,41,59,44,28,21,
100,SatMar222014,55,13,28,58,31,15,
099,WedMar192014,34,23,43,19,02,14,
098,SatMar152014,34,05,51,02,58,09,
097,WedMar122014,28,54,14,15,37,10,
096,SatMar082014,14,24,32,41,10,30,
095,WedMar052014,26,03,09,07,54,19,
094,SatMar012014,03,08,25,47,30,13,
093,WedFeb262014,42,11,12,38,17,02,
092,SatFeb222014,13,02,54,14,03,04,
091,WedFeb192014,17,49,54,35,01,34,
090,SatFeb152014,09,23,02,14,21,03,
089,WedFeb122014,52,49,36,57,44,01,
088,SatFeb082014,54,37,34,25,24,29,
087,WedFeb052014,08,57,17,59,32,24,
086,SatFeb012014,12,15,38,05,27,07,
085,WedJan292014,47,23,11,28,32,20,
084,SatJan252014,57,08,55,12,18,02,
083,WedJan222014,55,02,07,01,09,29,
082,SatJan182014,38,14,13,19,31,25,
081,WedJan152014,29,08,09,07,24,25,
080,SatJan112014,54,15,48,33,10,34,
079,WedJan082014,39,28,58,47,10,22,
078,SatJan042014,19,58,37,20,41,14,
077,WedJan012014,52,48,15,24,40,23,
076,SatDec282013,56,51,35,44,08,18,
075,WedDec252013,38,56,28,39,23,32,
074,SatDec212013,36,51,45,25,40,08,
073,WedDec182013,39,07,40,24,37,01,
072,SatDec142013,33,41,25,14,32,34,
071,WedDec112013,10,18,19,01,13,27,
070,SatDec072013,45,13,48,32,20,17,
069,WedDec042013,09,06,11,44,31,25,
068,SatNov302013,26,05,45,44,57,29,
067,WedNov272013,57,25,18,55,50,17,
066,SatNov232013,12,52,55,43,05,10,
065,WedNov202013,32,04,45,23,18,07,
064,SatNov162013,29,37,59,10,44,10,
063,WedNov132013,31,05,55,50,56,09,
062,SatNov092013,37,56,03,49,09,32,
061,WedNov062013,49,01,05,10,15,22,
060,SatNov022013,27,40,13,23,24,17,
059,WedOct302013,54,02,49,36,40,10,
058,SatOct262013,56,06,04,34,49,29,
057,WedOct232013,47,34,23,31,03,13,
056,SatOct192013,33,09,56,54,57,05,
055,WedOct162013,03,42,26,34,28,28,
054,SatOct122013,10,58,26,57,08,04,
053,WedOct092013,09,38,03,33,19,18,
052,SatOct052013,11,39,40,17,12,05,
051,WedOct022013,06,51,42,04,25,17,
050,SatSep282013,47,53,14,52,54,05,
049,WedSep252013,49,07,17,53,02,23,
048,SatSep212013,58,54,45,17,12,13,
047,WedSep182013,07,10,35,32,22,19,
046,SatSep142013,01,25,44,17,37,20,
045,WedSep112013,19,33,42,52,11,33,
044,SatSep072013,02,22,19,45,26,24,
043,WedSep042013,02,45,26,09,47,11,
042,SatAug312013,40,25,07,56,02,20,
041,WedAug282013,32,19,07,09,06,13,
040,SatAug242013,45,17,59,12,25,19,
039,WedAug212013,30,48,42,46,40,23,
038,SatAug172013,18,54,56,21,46,23,
037,WedAug142013,17,43,11,04,51,20,
036,SatAug102013,37,58,14,04,12,13,
035,WedAug072013,58,05,25,59,30,32,
034,SatAug032013,24,36,21,45,42,15,
033,WedJul312013,08,24,59,39,49,05,
032,SatJul272013,58,53,40,23,09,06,
031,WedJul242013,44,29,54,40,09,07,
030,SatJul202013,14,27,58,25,38,06,
029,WedJul172013,22,01,42,38,34,17,
028,SatJul132013,08,37,02,35,22,06,
027,WedJul102013,55,45,31,30,59,27,
026,SatJul062013,52,02,36,35,13,11,
025,WedJul032013,40,06,51,29,03,04,
024,SatJun292013,28,08,56,53,30,16,
023,WedJun262013,01,46,39,33,18,33,
022,SatJun222013,33,57,19,23,13,28,
021,WedJun192013,57,47,46,52,07,17,
020,SatJun152013,48,55,28,40,36,01,
019,WedJun122013,22,16,42,23,55,32,
018,SatJun082013,02,26,11,32,22,19,
017,WedJun052013,04,36,26,33,55,32,
016,SatJun012013,33,53,59,22,28,14,
015,WedMay292013,49,14,09,17,57,02,
014,SatMay252013,27,21,19,06,02,25,
013,WedMay222013,31,35,41,09,57,26,
012,SatMay182013,22,10,13,14,52,11,
011,WedMay152013,02,34,11,41,26,32,
010,SatMay112013,06,23,19,43,13,16,
009,WedMay082013,21,57,26,22,30,27,
008,SatMay042013,26,36,40,07,12,17,
007,WedMay012013,31,22,55,26,54,18,
006,SatApr272013,55,54,48,23,03,05,
005,WedApr242013,09,59,31,56,19,02,
004,SatApr202013,06,39,08,30,48,20,
003,WedApr172013,58,18,48,13,36,28,
002,SatApr132013,10,57,31,12,56,33,
001,WedApr102013,40,01,52,36,53,20,
